h
m <- 200
ksfgk
